push 
move
425 350 0
rotate
y -30
box
-100 0 0 10 275 100
sphere
-8 45 100 50
torus
-5 0 100 20 30
torus
-5 -10 100 20 30
pop
push
move
350 280 100
box
10 -200 -200 20 20 20
pop
push
move
100 100 0 
sphere
0 300 0 100
pop
push
line
100 200 0 100 400 0
line
100 400 0 0 200 0
line
200 400 0 300 200 0
line
130 400 0 50 200 0
line
140 400 0 30 200 0
line
150 400 0 50 200 0
line
180 400 0 150 200 0
line
180 400 0 200 200 0
line
180 400 0 175 200 0
line
180 400 0 155 200 0
line
180 400 0 125 200 0
line
180 400 0 115 200 0
line
180 400 0 105 200 0
line
180 400 0 95 200 0
line
190 400 0 125 200 0
line
180 400 0 130 200 0
line
190 400 0 200 200 0
line
185 400 0 250 200 0
line
200 400 0 280 200 0
line
180 400 0 270 200 0
line
200 400 0 240 200 0
line
40 400 0 60 200 0
line
20 400 0 40 200 0
line
15 400 0 30 200 0
line
30 400 0 15 200 0
display
save
karaoke.jpg